light,medium,heavy
5.73139726027,11.8989041096,14.059630137
3.31769863014,6.21945205479,7.21031506849
2.51313242009,4.32630136986,4.92721004566
2.11084931507,3.3797260274,3.78565753425
1.86947945205,2.81178082192,3.1007260274
1.70856621005,2.43315068493,2.64410502283
1.59362818004,2.16270058708,2.31794716243
1.50742465753,1.9598630137,2.07332876712
1.44037747336,1.80210045662,1.88307001522
1.38673972603,1.67589041096,1.7308630137
1.34285429639,1.57262764633,1.60633001245
1.30628310502,1.48657534247,1.50255251142
1.27533825079,1.41376185458,1.41474077977
1.24881409002,1.35135029354,1.33947358121
1.22582648402,1.29726027397,1.27424200913
1.20571232877,1.24993150685,1.21716438356
1.18796454472,1.20817082998,1.16680177276
1.17218873668,1.17105022831,1.12203500761
1.15807354001,1.1378370584,1.08198053353
1.14536986301,1.10794520548,1.04593150685
1.13387606001,1.08090019569,1.01331572081
1.12342714819,1.05631382316,0.983665006227
1.1138868374,1.03386539607,0.956592614652
1.10514155251,1.01328767123,0.931776255708
